#N Z
25	27
25	28
26	27
26	28
27	27
27	28
28	27
28	30
29	29
29	28
29	30
30	29
30	28
30	32
31	31
31	30
31	32
32	31
32	30
32	32
33	31
33	30
33	34
34	33

33	33
34	32
34	34
35	33

35	32
35	36
36	35

35	35
36	34
36	36
37	35
37	34
37	38
38	37

37	37
38	36
38	38
39	37
39	36
39	40
40	39

39	39
40	38
40	40
41	39
41	38
41	42
42	41

41	41
42	40
42	42
43	41
43	40
43	43
44	42
44	44
45	43
45	42
45	45
46	44

45	44
46	43
46	42
46	46
47	45
47	44
47	48
48	47

47	47
48	46

47	46
48	45
48	44
48	48
49	47
49	46
49	49

49	48
50	47
50	50
51	49

50	48
51	47
51	46
51	50
52	49
52	48
52	50
53	49
53	48
53	50
55	52
55	48
56	47
56	46

53	48
53	50
54	49
54	48
55	47
55	46

54	49
54	50
55	49
55	50
56	49
56	48
